57.493431902729625
48.44875440796642
41.375246628603286
56.44389191937921
52.63483691212281
56.68147500223739
55.44617372358982
50.93397219181224
56.99649425072892
50.998172895267054
49.64730800382015
51.53642802278514
41.11169619316664
40.817723931137266
49.34012831743701
48.66709365373012
45.91763440208392
55.362962179720455
51.61334279785292
51.73592051809116
59.46725686260647
46.05845139153942
52.25271116806515
54.14688282152936
45.246425698466346
54.65716453634643
55.23312627025401
34.932483797747516
50.43062400874918
55.84280350773718
44.12223612326411
45.43123269176834
49.32882126728194
43.86731291505764
45.27964284333802
52.289972992952926
37.12188434251722
47.153378365171974
45.26186730154821
53.95409609392834
46.47907547864804
41.2263066576845
51.28401933878677
52.53495864080301
51.93864238610627
50.13350314805251
44.33015691343716
52.877256283735704
51.158627704029726
48.51829128575479
48.83333925890451
52.40629938926843
51.48574252268628
48.32871745033129
60.95957482500202
41.9755808727011
52.741147028229896
44.8903540679645
51.886564596422616
54.19003710824976
51.52501053388916
48.483289299068
39.96940585381968
52.05987629085361
49.04097308793564
55.926942580595785
54.39766690448224
46.647596271867954
51.6731769369715
48.83797788317098
50.220396521116875
51.61838579957963
54.17999244200381
45.07174840410012
46.46227681098463
57.95635963496441
54.08663070818384
55.13627819855185
47.80635711895749
49.41676697109856
44.72150164108879
51.27981704794565
45.44799613261327
63.75957743792439
52.75925604814755
52.49174239565361
57.021018555909116
56.90465716092786
41.788762656092516
47.18860418648682
42.878947567058866
46.76324088484832
53.20946103679835
46.26796088708059
51.0919899358505
49.149208421504376
49.24358888097427
49.22595785749673
50.82172007180875
49.81484224714299